78.071328
96.962405
95.283093
88.415077
99.789042
99.729857
89.405314
99.846225
99.809634
69.982907
84.107116
75.485529
70.348086
84.472279
76.054051
90.155179
99.971974
99.983201
90.740574
99.974996
99.985153
91.224274
99.976999
99.986352
91.568188
99.978474
99.987348
92.850455
99.716067
99.360417
93.004829
99.718757
99.366626
93.125582
99.721412
99.374149
93.216751
99.722515
99.371366
76.383387
90.099986
83.042612
76.615204
90.269802
83.283683
76.645676
90.287531
83.332307
76.603371
90.200412
83.268801
67.798915
80.480962
72.383525
67.701238
80.236285
72.112044
67.846436
80.386366
72.314943
67.927568
80.533688
72.474796
